Map from character to field name
A:	Argentina
B:	Australia
C:	Austria
D:	Bangladesh
E:	Belgium
F:	Brazil
G:	Canada
H:	Chile
I:	China
J:	Czech Republic
K:	Egypt
L:	France
M:	Georgia
N:	Germany
O:	Guatemala
P:	Hong Kong
Q:	India
R:	Italy
S:	Japan
T:	Malaysia
U:	Mexico
V:	Mongolia
W:	Netherlands
X:	Norway
Y:	Russia
Z:	South Africa
[:	South Korea
\:	Spain
]:	Sri Lanka
^:	Sweden
_:	Switzerland
`:	Taiwan
a:	Thailand
b:	Turkey
c:	United Kingdom
d:	Usa
e:	Vietnam
f:	Zambia
g:	?


Substitution rate (mu): 19.461481

Equilibrium frequencies (pi_i):
  A: 0.0284
  B: 0.0276
  C: 0.0325
  D: 0.032
  E: 0.0322
  F: 0.0298
  G: 0.0044
  H: 0.0205
  I: 0.0237
  J: 0.0322
  K: 0.0321
  L: 0.0241
  M: 0.0322
  N: 0.0276
  O: 0.0122
  P: 0.0196
  Q: 0.029
  R: 0.033
  S: 0.0216
  T: 0.0285
  U: 0.0224
  V: 0.0244
  W: 0.0243
  X: 0.032
  Y: 0.0324
  Z: 0.0258
  [: 0.0179
  \: 0.0318
  ]: 0.0293
  ^: 0.0321
  _: 0.0314
  `: 0.0316
  a: 0.0308
  b: 0.0328
  c: 0.0171
  d: 0.0118
  e: 0.0202
  f: 0.0287

Symmetrized rates from j->i (W_ij):
	A	B	C	D	E	F	G	H	I	J	K	L	M	N	O	P	Q	R	S	T	U	V	W	X	Y	Z	[	\	]	^	_	`	a	b	c	d	e	f
  A	0	0.9121	0.9137	0.9135	0.9135	0.9136	0.8897	0.9139	0.9021	0.9138	0.9138	0.9133	0.9138	0.9034	0.9129	0.9132	0.9134	0.9119	0.9134	0.9142	0.9117	0.9054	0.9099	0.9142	0.9136	0.9143	0.9084	0.9121	0.9141	0.9138	0.9139	0.916	0.9127	0.9138	0.9143	1.2871	0.905	0.9139
  B	0.9121	0	0.9119	0.9122	0.9166	0.9117	0.9063	0.9193	2.2549	0.9122	0.9117	0.9127	0.9119	0.9268	0.9141	0.9196	0.9129	0.9106	0.9447	0.9133	0.9109	1.1877	1.0984	0.9141	1.1633	0.9168	1.0277	0.9116	0.9126	0.9119	0.9118	0.9144	0.9116	0.9116	1.1281	1.2746	1.5133	0.9121
  C	0.9137	0.9119	0	0.9133	0.9142	0.9138	0.886	0.9133	0.9001	0.9137	0.9137	0.9131	0.9137	3.1644	0.9126	0.9124	0.9132	1.3686	0.9133	0.9141	0.9115	0.9042	0.9098	0.9141	0.9135	0.9143	0.9075	0.9124	0.914	0.9136	0.9138	0.9157	0.9128	0.9137	0.9147	0.8502	0.9036	0.9137
  D	0.9135	0.9122	0.9133	0	0.9143	0.9132	0.8861	0.9131	1.3561	0.9135	0.9135	0.913	0.9134	0.9019	0.9126	0.9126	0.9132	0.9113	0.9133	0.9141	0.9112	1.3062	0.9099	0.9141	0.9141	0.9143	0.9091	0.9115	0.9139	0.9134	0.9135	0.9155	0.9124	0.9134	0.9141	0.8512	1.9158	0.9135
  E	0.9135	0.9166	0.9142	0.9143	0	0.9135	0.8865	0.9146	0.9035	0.9135	0.9134	0.9131	0.9134	2.6502	0.9126	0.9124	0.913	1.5203	0.9157	0.9145	0.9115	0.9063	1.8223	0.9143	0.914	0.9146	0.9093	0.9678	0.9137	0.9134	0.9135	0.9154	0.9273	0.9134	0.9225	0.8534	1.3521	0.9135
  F	0.9136	0.9117	0.9138	0.9132	0.9135	0	1.8658	0.9135	0.9016	0.9135	0.9135	0.9131	0.9135	0.9434	0.9128	0.999	0.9131	0.9182	0.9133	0.914	1.1173	0.9048	0.9096	0.914	0.9133	0.9141	0.9114	0.9124	0.9139	0.9135	0.9136	0.9161	0.9126	0.9135	0.9142	0.8944	0.9044	0.9136
  G	0.8897	0.9063	0.886	0.8861	0.8865	1.8658	0	1.6275	1.0065	0.8861	0.886	0.8937	0.886	1.5835	1.2389	2.9967	0.8908	1.1084	1.1661	0.89	3.3758	0.8929	0.9158	0.8863	0.8859	0.8917	2.0889	0.8868	0.9318	0.8861	0.887	0.9074	1.3355	0.8854	0.9036	47.5692	0.8974	0.8925
  H	0.9139	0.9193	0.9133	0.9131	0.9146	0.9135	1.6275	0	0.9175	0.9144	0.9132	0.9154	0.9138	0.9099	0.9183	0.9203	0.9138	0.9125	0.9287	0.9149	0.9138	0.9111	0.9992	0.914	0.9138	0.9154	0.9268	0.9124	0.9142	0.9138	0.9135	0.9171	0.9128	0.9132	0.9305	2.9837	0.9108	0.9139
  I	0.9021	2.2549	0.9001	1.3561	0.9035	0.9016	1.0065	0.9175	0	0.9011	0.9031	1.3629	0.9085	0.902	0.9121	6.5149	1.3811	0.8989	1.5618	0.9095	0.9042	6.8284	1.7896	1.0082	1.183	1.1361	5.1418	0.8995	1.0254	0.9009	0.9008	0.9212	1.6273	0.8999	0.9635	3.9605	7.4656	0.9054
  J	0.9138	0.9122	0.9137	0.9135	0.9135	0.9135	0.8861	0.9144	0.9011	0	0.9138	0.9132	0.9138	0.9024	0.9127	0.9125	0.9133	0.9117	0.9138	0.9146	0.9114	0.9045	1.8199	0.9146	0.9136	0.9148	0.9084	0.9119	0.9141	0.9138	0.9139	0.9158	0.9126	0.9138	0.915	0.8518	0.9043	0.9138
  K	0.9138	0.9117	0.9137	0.9135	0.9134	0.9135	0.886	0.9132	0.9031	0.9138	0	0.9132	0.9137	0.9021	0.9127	0.9125	0.9134	0.9117	0.9131	0.9142	0.9114	1.1994	0.9089	0.9142	0.9136	0.9143	0.9076	0.9118	0.9141	0.9137	0.9138	0.9158	0.9125	0.9138	0.9142	0.8507	1.0586	0.9138
  L	0.9133	0.9127	0.9131	0.913	0.9131	0.9131	0.8937	0.9154	1.3629	0.9132	0.9132	0	0.9132	1.3571	0.913	0.9139	0.913	0.9117	0.9142	0.9138	0.9117	0.9064	1.3669	0.9139	0.9132	0.9142	0.9097	0.9118	0.9137	0.9132	1.3376	0.9157	0.9124	1.3701	0.9703	2.0425	0.9063	0.9134
  M	0.9138	0.9119	0.9137	0.9134	0.9134	0.9135	0.886	0.9138	0.9085	0.9138	0.9137	0.9132	0	0.9022	0.9127	0.9125	0.9134	0.9117	0.9135	0.9145	0.9114	1.0659	1.3727	0.9144	0.9136	0.9146	0.9082	0.9118	0.9141	0.9137	0.9138	0.9158	0.9126	0.9137	0.9146	0.8512	1.1896	0.9138
  N	0.9034	0.9268	3.1644	0.9019	2.6502	0.9434	1.5835	0.9099	0.902	0.9024	0.9021	1.3571	0.9022	0	0.9087	0.9096	0.9028	3.2916	0.9171	0.9049	1.0761	0.8985	3.3028	0.9035	0.9021	0.9061	0.9067	5.9246	0.9034	0.9022	0.9024	0.9042	1.3184	0.9018	0.9498	0.8713	0.9004	0.9034
  O	0.9129	0.9141	0.9126	0.9126	0.9126	0.9128	1.2389	0.9183	0.9121	0.9127	0.9127	0.913	0.9127	0.9087	0	0.9178	0.9127	0.9119	0.9152	0.9131	0.9123	0.9095	0.9159	0.9129	0.9126	0.9132	0.9119	0.912	0.9135	0.9127	0.9129	0.917	0.9123	0.9127	0.9143	8.2832	0.9096	0.913
  P	0.9132	0.9196	0.9124	0.9126	0.9124	0.999	2.9967	0.9203	6.5149	0.9125	0.9125	0.9139	0.9125	0.9096	0.9178	0	0.9159	0.9511	0.9374	0.9136	1.1403	0.9092	0.9194	0.9142	0.9137	0.9161	0.9154	0.9113	1.0157	0.9125	0.9128	1.1999	0.9125	0.9124	0.9176	1.9408	0.9098	0.9504
  Q	0.9134	0.9129	0.9132	0.9132	0.913	0.9131	0.8908	0.9138	1.3811	0.9133	0.9134	0.913	0.9134	0.9028	0.9127	0.9159	0	0.9114	0.9137	0.914	0.9113	1.6131	0.9175	0.9139	0.9133	0.9141	0.9094	0.9115	0.9145	0.9133	0.9134	0.9156	0.9124	0.9133	0.9142	1.2824	1.9825	0.9151
  R	0.9119	0.9106	1.3686	0.9113	1.5203	0.9182	1.1084	0.9125	0.8989	0.9117	0.9117	0.9117	0.9117	3.2916	0.9119	0.9511	0.9114	0	0.9125	0.9124	1.1097	0.9026	1.0017	0.9122	0.9115	0.9128	0.9066	0.9365	0.9122	0.9117	0.9118	0.914	0.9111	0.9116	1.3709	0.8522	0.9025	0.9119
  S	0.9134	0.9447	0.9133	0.9133	0.9157	0.9133	1.1661	0.9287	1.5618	0.9138	0.9131	0.9142	0.9135	0.9171	0.9152	0.9374	0.9137	0.9125	0	0.9158	0.9127	1.372	1.2954	0.9142	0.914	0.915	1.6239	0.9128	1.0732	0.9134	0.9133	0.9162	0.9132	0.9131	0.9728	2.6668	2.4215	0.9148
  T	0.9142	0.9133	0.9141	0.9141	0.9145	0.914	0.89	0.9149	0.9095	0.9146	0.9142	0.9138	0.9145	0.9049	0.9131	0.9136	0.914	0.9124	0.9158	0	0.9121	0.9131	1.2094	0.9148	0.9144	0.9149	1.0355	0.9125	0.9145	0.9143	0.9142	0.9164	0.9132	0.9142	0.9153	1.3026	0.9482	0.9142
  U	0.9117	0.9109	0.9115	0.9112	0.9115	1.1173	3.3758	0.9138	0.9042	0.9114	0.9114	0.9117	0.9114	1.0761	0.9123	1.1403	0.9113	1.1097	0.9127	0.9121	0	0.9055	0.9103	0.9117	0.9112	0.9123	1.0048	0.9105	0.9122	0.9114	0.9116	0.9165	0.9108	0.9114	0.9132	1.8105	0.9055	0.9118
  V	0.9054	1.1877	0.9042	1.3062	0.9063	0.9048	0.8929	0.9111	6.8284	0.9045	1.1994	0.9064	1.0659	0.8985	0.9095	0.9092	1.6131	0.9026	1.372	0.9131	0.9055	0	3.4091	0.9089	1.0195	0.9123	2.5173	0.9031	0.9065	0.9082	0.9046	0.9068	0.9236	0.9041	0.9134	0.8757	7.2895	0.9054
  W	0.9099	1.0984	0.9098	0.9099	1.8223	0.9096	0.9158	0.9992	1.7896	1.8199	0.9089	1.3669	1.3727	3.3028	0.9159	0.9194	0.9175	1.0017	1.2954	1.2094	0.9103	3.4091	0	1.239	1.3637	1.1751	2.1219	0.926	0.9105	1.359	0.9091	0.9118	0.9216	0.9086	1.206	1.5112	2.0766	0.9099
  X	0.9142	0.9141	0.9141	0.9141	0.9143	0.914	0.8863	0.914	1.0082	0.9146	0.9142	0.9139	0.9144	0.9035	0.9129	0.9142	0.9139	0.9122	0.9142	0.9148	0.9117	0.9089	1.239	0	0.9144	1.0587	0.9097	0.9123	0.9146	0.9144	0.9143	0.9162	0.9133	0.9142	0.9148	0.8526	0.9075	0.9142
  Y	0.9136	1.1633	0.9135	0.9141	0.914	0.9133	0.8859	0.9138	1.183	0.9136	0.9136	0.9132	0.9136	0.9021	0.9126	0.9137	0.9133	0.9115	0.914	0.9144	0.9112	1.0195	1.3637	0.9144	0	0.9147	0.9099	0.9116	0.914	0.9135	0.9136	0.9156	0.9128	0.9136	0.9152	0.8516	1.6621	0.9136
  Z	0.9143	0.9168	0.9143	0.9143	0.9146	0.9141	0.8917	0.9154	1.1361	0.9148	0.9143	0.9142	0.9146	0.9061	0.9132	0.9161	0.9141	0.9128	0.915	0.9149	0.9123	0.9123	1.1751	1.0587	0.9147	0	0.9117	0.9128	0.9148	0.9145	0.9144	0.9167	0.9138	0.9143	0.9149	1.7263	0.9107	0.9143
  [	0.9084	1.0277	0.9075	0.9091	0.9093	0.9114	2.0889	0.9268	5.1418	0.9084	0.9076	0.9097	0.9082	0.9067	0.9119	0.9154	0.9094	0.9066	1.6239	1.0355	1.0048	2.5173	2.1219	0.9097	0.9099	0.9117	0	0.9068	0.9099	0.908	0.9078	0.9111	0.9082	0.9074	0.9236	3.7538	2.7979	0.9084
  \	0.9121	0.9116	0.9124	0.9115	0.9678	0.9124	0.8868	0.9124	0.8995	0.9119	0.9118	0.9118	0.9118	5.9246	0.912	0.9113	0.9115	0.9365	0.9128	0.9125	0.9105	0.9031	0.926	0.9123	0.9116	0.9128	0.9068	0	0.9123	0.9118	0.9119	0.9138	0.9364	0.9118	0.9158	0.8514	0.9029	0.912
  ]	0.9141	0.9126	0.914	0.9139	0.9137	0.9139	0.9318	0.9142	1.0254	0.9141	0.9141	0.9137	0.9141	0.9034	0.9135	1.0157	0.9145	0.9122	1.0732	0.9145	0.9122	0.9065	0.9105	0.9146	0.914	0.9148	0.9099	0.9123	0	0.914	0.9142	0.9166	0.9132	0.9141	0.9149	1.1348	0.9069	0.9245
  ^	0.9138	0.9119	0.9136	0.9134	0.9134	0.9135	0.8861	0.9138	0.9009	0.9138	0.9137	0.9132	0.9137	0.9022	0.9127	0.9125	0.9133	0.9117	0.9134	0.9143	0.9114	0.9082	1.359	0.9144	0.9135	0.9145	0.908	0.9118	0.914	0	0.9138	0.9157	0.9125	0.9137	0.9146	0.8513	0.9043	0.9138
  _	0.9139	0.9118	0.9138	0.9135	0.9135	0.9136	0.887	0.9135	0.9008	0.9139	0.9138	1.3376	0.9138	0.9024	0.9129	0.9128	0.9134	0.9118	0.9133	0.9142	0.9116	0.9046	0.9091	0.9143	0.9136	0.9144	0.9078	0.9119	0.9142	0.9138	0	0.9159	0.9126	0.9139	0.9144	0.9706	0.904	0.9139
  `	0.916	0.9144	0.9157	0.9155	0.9154	0.9161	0.9074	0.9171	0.9212	0.9158	0.9158	0.9157	0.9158	0.9042	0.917	1.1999	0.9156	0.914	0.9162	0.9164	0.9165	0.9068	0.9118	0.9162	0.9156	0.9167	0.9111	0.9138	0.9166	0.9157	0.9159	0	0.9147	0.9158	0.9174	0.9287	0.9062	0.9162
  a	0.9127	0.9116	0.9128	0.9124	0.9273	0.9126	1.3355	0.9128	1.6273	0.9126	0.9125	0.9124	0.9126	1.3184	0.9123	0.9125	0.9124	0.9111	0.9132	0.9132	0.9108	0.9236	0.9216	0.9133	0.9128	0.9138	0.9082	0.9364	0.9132	0.9125	0.9126	0.9147	0	0.9125	0.9141	0.8537	1.5642	0.9127
  b	0.9138	0.9116	0.9137	0.9134	0.9134	0.9135	0.8854	0.9132	0.8999	0.9138	0.9138	1.3701	0.9137	0.9018	0.9127	0.9124	0.9133	0.9116	0.9131	0.9142	0.9114	0.9041	0.9086	0.9142	0.9136	0.9143	0.9074	0.9118	0.9141	0.9137	0.9139	0.9158	0.9125	0	0.9142	0.8494	0.9036	0.9138
  c	0.9143	1.1281	0.9147	0.9141	0.9225	0.9142	0.9036	0.9305	0.9635	0.915	0.9142	0.9703	0.9146	0.9498	0.9143	0.9176	0.9142	1.3709	0.9728	0.9153	0.9132	0.9134	1.206	0.9148	0.9152	0.9149	0.9236	0.9158	0.9149	0.9146	0.9144	0.9174	0.9141	0.9142	0	4.064	0.9125	0.9144
  d	1.2871	1.2746	0.8502	0.8512	0.8534	0.8944	47.5692	2.9837	3.9605	0.8518	0.8507	2.0425	0.8512	0.8713	8.2832	1.9408	1.2824	0.8522	2.6668	1.3026	1.8105	0.8757	1.5112	0.8526	0.8516	1.7263	3.7538	0.8514	1.1348	0.8513	0.9706	0.9287	0.8537	0.8494	4.064	0	1.3366	1.252
  e	0.905	1.5133	0.9036	1.9158	1.3521	0.9044	0.8974	0.9108	7.4656	0.9043	1.0586	0.9063	1.1896	0.9004	0.9096	0.9098	1.9825	0.9025	2.4215	0.9482	0.9055	7.2895	2.0766	0.9075	1.6621	0.9107	2.7979	0.9029	0.9069	0.9043	0.904	0.9062	1.5642	0.9036	0.9125	1.3366	0	0.9049
  f	0.9139	0.9121	0.9137	0.9135	0.9135	0.9136	0.8925	0.9139	0.9054	0.9138	0.9138	0.9134	0.9138	0.9034	0.913	0.9504	0.9151	0.9119	0.9148	0.9142	0.9118	0.9054	0.9099	0.9142	0.9136	0.9143	0.9084	0.912	0.9245	0.9138	0.9139	0.9162	0.9127	0.9138	0.9144	1.252	0.9049	0

Actual rates from j->i (Q_ij):
	A	B	C	D	E	F	G	H	I	J	K	L	M	N	O	P	Q	R	S	T	U	V	W	X	Y	Z	[	\	]	^	_	`	a	b	c	d	e	f
  A	0	0.0259	0.026	0.026	0.026	0.026	0.0253	0.026	0.0256	0.026	0.026	0.026	0.026	0.0257	0.0259	0.0259	0.026	0.0259	0.026	0.026	0.0259	0.0257	0.0259	0.026	0.026	0.026	0.0258	0.0259	0.026	0.026	0.026	0.026	0.0259	0.026	0.026	0.0366	0.0257	0.026
  B	0.0252	0	0.0252	0.0252	0.0253	0.0252	0.0251	0.0254	0.0623	0.0252	0.0252	0.0252	0.0252	0.0256	0.0253	0.0254	0.0252	0.0252	0.0261	0.0252	0.0252	0.0328	0.0304	0.0253	0.0322	0.0253	0.0284	0.0252	0.0252	0.0252	0.0252	0.0253	0.0252	0.0252	0.0312	0.0352	0.0418	0.0252
  C	0.0297	0.0296	0	0.0297	0.0297	0.0297	0.0288	0.0297	0.0292	0.0297	0.0297	0.0296	0.0297	0.1027	0.0296	0.0296	0.0296	0.0444	0.0297	0.0297	0.0296	0.0294	0.0295	0.0297	0.0297	0.0297	0.0295	0.0296	0.0297	0.0297	0.0297	0.0297	0.0296	0.0297	0.0297	0.0276	0.0293	0.0297
  D	0.0292	0.0292	0.0292	0	0.0292	0.0292	0.0283	0.0292	0.0434	0.0292	0.0292	0.0292	0.0292	0.0288	0.0292	0.0292	0.0292	0.0291	0.0292	0.0292	0.0291	0.0418	0.0291	0.0292	0.0292	0.0292	0.0291	0.0291	0.0292	0.0292	0.0292	0.0293	0.0292	0.0292	0.0292	0.0272	0.0613	0.0292
  E	0.0294	0.0295	0.0294	0.0294	0	0.0294	0.0285	0.0294	0.0291	0.0294	0.0294	0.0294	0.0294	0.0853	0.0294	0.0294	0.0294	0.0489	0.0295	0.0294	0.0293	0.0292	0.0587	0.0294	0.0294	0.0294	0.0293	0.0311	0.0294	0.0294	0.0294	0.0295	0.0298	0.0294	0.0297	0.0275	0.0435	0.0294
  F	0.0273	0.0272	0.0273	0.0272	0.0272	0	0.0557	0.0272	0.0269	0.0272	0.0272	0.0272	0.0272	0.0281	0.0272	0.0298	0.0272	0.0274	0.0272	0.0273	0.0333	0.027	0.0271	0.0273	0.0272	0.0273	0.0272	0.0272	0.0273	0.0272	0.0273	0.0273	0.0272	0.0272	0.0273	0.0267	0.027	0.0273
  G	0.0039	0.004	0.0039	0.0039	0.0039	0.0082	0	0.0071	0.0044	0.0039	0.0039	0.0039	0.0039	0.0069	0.0054	0.0131	0.0039	0.0049	0.0051	0.0039	0.0148	0.0039	0.004	0.0039	0.0039	0.0039	0.0092	0.0039	0.0041	0.0039	0.0039	0.004	0.0059	0.0039	0.004	0.2085	0.0039	0.0039
  H	0.0188	0.0189	0.0188	0.0188	0.0188	0.0188	0.0334	0	0.0189	0.0188	0.0188	0.0188	0.0188	0.0187	0.0189	0.0189	0.0188	0.0188	0.0191	0.0188	0.0188	0.0187	0.0205	0.0188	0.0188	0.0188	0.019	0.0187	0.0188	0.0188	0.0188	0.0188	0.0188	0.0188	0.0191	0.0613	0.0187	0.0188
  I	0.0214	0.0535	0.0213	0.0322	0.0214	0.0214	0.0239	0.0218	0	0.0214	0.0214	0.0323	0.0215	0.0214	0.0216	0.1545	0.0328	0.0213	0.037	0.0216	0.0214	0.1619	0.0424	0.0239	0.0281	0.0269	0.1219	0.0213	0.0243	0.0214	0.0214	0.0218	0.0386	0.0213	0.0228	0.0939	0.177	0.0215
  J	0.0294	0.0294	0.0294	0.0294	0.0294	0.0294	0.0285	0.0294	0.029	0	0.0294	0.0294	0.0294	0.0291	0.0294	0.0294	0.0294	0.0294	0.0294	0.0294	0.0293	0.0291	0.0586	0.0294	0.0294	0.0295	0.0292	0.0294	0.0294	0.0294	0.0294	0.0295	0.0294	0.0294	0.0295	0.0274	0.0291	0.0294
  K	0.0293	0.0293	0.0293	0.0293	0.0293	0.0293	0.0284	0.0293	0.029	0.0293	0	0.0293	0.0293	0.029	0.0293	0.0293	0.0293	0.0293	0.0293	0.0293	0.0293	0.0385	0.0292	0.0293	0.0293	0.0293	0.0291	0.0293	0.0293	0.0293	0.0293	0.0294	0.0293	0.0293	0.0293	0.0273	0.034	0.0293
  L	0.022	0.022	0.022	0.022	0.022	0.022	0.0216	0.0221	0.0329	0.022	0.022	0	0.022	0.0327	0.022	0.0221	0.022	0.022	0.0221	0.022	0.022	0.0219	0.033	0.022	0.022	0.0221	0.0219	0.022	0.022	0.022	0.0323	0.0221	0.022	0.0331	0.0234	0.0493	0.0219	0.022
  M	0.0294	0.0293	0.0294	0.0294	0.0294	0.0294	0.0285	0.0294	0.0292	0.0294	0.0294	0.0294	0	0.029	0.0294	0.0294	0.0294	0.0293	0.0294	0.0294	0.0293	0.0343	0.0442	0.0294	0.0294	0.0294	0.0292	0.0293	0.0294	0.0294	0.0294	0.0295	0.0294	0.0294	0.0294	0.0274	0.0383	0.0294
  N	0.025	0.0256	0.0874	0.0249	0.0732	0.0261	0.0438	0.0251	0.0249	0.0249	0.0249	0.0375	0.0249	0	0.0251	0.0251	0.0249	0.091	0.0253	0.025	0.0297	0.0248	0.0913	0.025	0.0249	0.025	0.0251	0.1637	0.025	0.0249	0.0249	0.025	0.0364	0.0249	0.0262	0.0241	0.0249	0.025
  O	0.0112	0.0112	0.0112	0.0112	0.0112	0.0112	0.0151	0.0112	0.0111	0.0112	0.0112	0.0112	0.0112	0.0111	0	0.0112	0.0112	0.0111	0.0112	0.0112	0.0111	0.0111	0.0112	0.0112	0.0112	0.0112	0.0111	0.0111	0.0112	0.0112	0.0112	0.0112	0.0111	0.0112	0.0112	0.1012	0.0111	0.0112
  P	0.0179	0.018	0.0179	0.0179	0.0179	0.0196	0.0588	0.0181	0.1278	0.0179	0.0179	0.0179	0.0179	0.0178	0.018	0	0.018	0.0187	0.0184	0.0179	0.0224	0.0178	0.018	0.0179	0.0179	0.018	0.018	0.0179	0.0199	0.0179	0.0179	0.0235	0.0179	0.0179	0.018	0.0381	0.0179	0.0186
  Q	0.0265	0.0265	0.0265	0.0265	0.0265	0.0265	0.0259	0.0265	0.0401	0.0265	0.0265	0.0265	0.0265	0.0262	0.0265	0.0266	0	0.0265	0.0265	0.0265	0.0265	0.0468	0.0266	0.0265	0.0265	0.0265	0.0264	0.0265	0.0265	0.0265	0.0265	0.0266	0.0265	0.0265	0.0265	0.0372	0.0575	0.0266
  R	0.0301	0.03	0.0451	0.03	0.0501	0.0303	0.0365	0.0301	0.0296	0.03	0.03	0.03	0.03	0.1085	0.0301	0.0313	0.03	0	0.0301	0.0301	0.0366	0.0297	0.033	0.0301	0.03	0.0301	0.0299	0.0309	0.0301	0.03	0.03	0.0301	0.03	0.03	0.0452	0.0281	0.0297	0.0301
  S	0.0198	0.0204	0.0198	0.0198	0.0198	0.0198	0.0252	0.0201	0.0338	0.0198	0.0198	0.0198	0.0198	0.0199	0.0198	0.0203	0.0198	0.0198	0	0.0198	0.0198	0.0297	0.028	0.0198	0.0198	0.0198	0.0351	0.0198	0.0232	0.0198	0.0198	0.0198	0.0198	0.0198	0.0211	0.0577	0.0524	0.0198
  T	0.026	0.026	0.026	0.026	0.0261	0.026	0.0254	0.0261	0.0259	0.0261	0.026	0.026	0.0261	0.0258	0.026	0.026	0.026	0.026	0.0261	0	0.026	0.026	0.0345	0.0261	0.026	0.0261	0.0295	0.026	0.0261	0.026	0.026	0.0261	0.026	0.026	0.0261	0.0371	0.027	0.026
  U	0.0204	0.0204	0.0204	0.0204	0.0204	0.025	0.0756	0.0205	0.0203	0.0204	0.0204	0.0204	0.0204	0.0241	0.0204	0.0255	0.0204	0.0249	0.0204	0.0204	0	0.0203	0.0204	0.0204	0.0204	0.0204	0.0225	0.0204	0.0204	0.0204	0.0204	0.0205	0.0204	0.0204	0.0205	0.0406	0.0203	0.0204
  V	0.0221	0.0289	0.022	0.0318	0.0221	0.022	0.0217	0.0222	0.1663	0.022	0.0292	0.0221	0.026	0.0219	0.0222	0.0221	0.0393	0.022	0.0334	0.0222	0.0221	0	0.083	0.0221	0.0248	0.0222	0.0613	0.022	0.0221	0.0221	0.022	0.0221	0.0225	0.022	0.0222	0.0213	0.1776	0.0221
  W	0.0221	0.0267	0.0221	0.0221	0.0443	0.0221	0.0223	0.0243	0.0435	0.0442	0.0221	0.0332	0.0334	0.0802	0.0223	0.0223	0.0223	0.0243	0.0315	0.0294	0.0221	0.0828	0	0.0301	0.0331	0.0286	0.0516	0.0225	0.0221	0.033	0.0221	0.0222	0.0224	0.0221	0.0293	0.0367	0.0505	0.0221
  X	0.0292	0.0292	0.0292	0.0292	0.0293	0.0292	0.0284	0.0292	0.0323	0.0293	0.0292	0.0292	0.0293	0.0289	0.0292	0.0292	0.0292	0.0292	0.0292	0.0293	0.0292	0.0291	0.0396	0	0.0293	0.0339	0.0291	0.0292	0.0293	0.0293	0.0293	0.0293	0.0292	0.0292	0.0293	0.0273	0.029	0.0292
  Y	0.0296	0.0377	0.0296	0.0296	0.0296	0.0296	0.0287	0.0296	0.0383	0.0296	0.0296	0.0296	0.0296	0.0292	0.0296	0.0296	0.0296	0.0295	0.0296	0.0296	0.0295	0.033	0.0442	0.0296	0	0.0296	0.0295	0.0295	0.0296	0.0296	0.0296	0.0297	0.0296	0.0296	0.0296	0.0276	0.0538	0.0296
  Z	0.0235	0.0236	0.0235	0.0235	0.0236	0.0235	0.023	0.0236	0.0293	0.0236	0.0235	0.0235	0.0236	0.0233	0.0235	0.0236	0.0235	0.0235	0.0236	0.0236	0.0235	0.0235	0.0303	0.0273	0.0236	0	0.0235	0.0235	0.0236	0.0236	0.0236	0.0236	0.0235	0.0235	0.0236	0.0445	0.0235	0.0235
  [	0.0162	0.0184	0.0162	0.0162	0.0162	0.0163	0.0373	0.0166	0.0918	0.0162	0.0162	0.0163	0.0162	0.0162	0.0163	0.0164	0.0162	0.0162	0.029	0.0185	0.0179	0.045	0.0379	0.0162	0.0163	0.0163	0	0.0162	0.0163	0.0162	0.0162	0.0163	0.0162	0.0162	0.0165	0.0671	0.05	0.0162
  \	0.029	0.029	0.029	0.029	0.0308	0.029	0.0282	0.029	0.0286	0.029	0.029	0.029	0.029	0.1884	0.029	0.029	0.029	0.0298	0.029	0.029	0.029	0.0287	0.0295	0.029	0.029	0.029	0.0288	0	0.029	0.029	0.029	0.0291	0.0298	0.029	0.0291	0.0271	0.0287	0.029
  ]	0.0268	0.0267	0.0268	0.0268	0.0268	0.0268	0.0273	0.0268	0.03	0.0268	0.0268	0.0268	0.0268	0.0265	0.0268	0.0297	0.0268	0.0267	0.0314	0.0268	0.0267	0.0265	0.0267	0.0268	0.0268	0.0268	0.0266	0.0267	0	0.0268	0.0268	0.0268	0.0267	0.0268	0.0268	0.0332	0.0266	0.0271
  ^	0.0293	0.0293	0.0293	0.0293	0.0293	0.0293	0.0284	0.0293	0.0289	0.0293	0.0293	0.0293	0.0293	0.0289	0.0293	0.0293	0.0293	0.0292	0.0293	0.0293	0.0292	0.0291	0.0436	0.0293	0.0293	0.0293	0.0291	0.0293	0.0293	0	0.0293	0.0294	0.0293	0.0293	0.0293	0.0273	0.029	0.0293
  _	0.0287	0.0287	0.0287	0.0287	0.0287	0.0287	0.0279	0.0287	0.0283	0.0287	0.0287	0.042	0.0287	0.0284	0.0287	0.0287	0.0287	0.0287	0.0287	0.0287	0.0287	0.0284	0.0286	0.0287	0.0287	0.0287	0.0285	0.0287	0.0287	0.0287	0	0.0288	0.0287	0.0287	0.0287	0.0305	0.0284	0.0287
  `	0.029	0.0289	0.029	0.029	0.029	0.029	0.0287	0.029	0.0292	0.029	0.029	0.029	0.029	0.0286	0.029	0.038	0.029	0.0289	0.029	0.029	0.029	0.0287	0.0289	0.029	0.029	0.029	0.0288	0.0289	0.029	0.029	0.029	0	0.0289	0.029	0.029	0.0294	0.0287	0.029
  a	0.0281	0.0281	0.0281	0.0281	0.0286	0.0281	0.0412	0.0281	0.0502	0.0281	0.0281	0.0281	0.0281	0.0406	0.0281	0.0281	0.0281	0.0281	0.0281	0.0281	0.0281	0.0285	0.0284	0.0282	0.0281	0.0282	0.028	0.0289	0.0281	0.0281	0.0281	0.0282	0	0.0281	0.0282	0.0263	0.0482	0.0281
  b	0.03	0.0299	0.0299	0.0299	0.0299	0.0299	0.029	0.0299	0.0295	0.03	0.0299	0.0449	0.0299	0.0296	0.0299	0.0299	0.0299	0.0299	0.0299	0.03	0.0299	0.0296	0.0298	0.03	0.0299	0.03	0.0297	0.0299	0.03	0.0299	0.03	0.03	0.0299	0	0.03	0.0278	0.0296	0.03
  c	0.0156	0.0193	0.0156	0.0156	0.0157	0.0156	0.0154	0.0159	0.0164	0.0156	0.0156	0.0166	0.0156	0.0162	0.0156	0.0157	0.0156	0.0234	0.0166	0.0156	0.0156	0.0156	0.0206	0.0156	0.0156	0.0156	0.0158	0.0156	0.0156	0.0156	0.0156	0.0157	0.0156	0.0156	0	0.0694	0.0156	0.0156
  d	0.0152	0.015	0.01	0.01	0.01	0.0105	0.5601	0.0351	0.0466	0.01	0.01	0.0241	0.01	0.0103	0.0975	0.0229	0.0151	0.01	0.0314	0.0153	0.0213	0.0103	0.0178	0.01	0.01	0.0203	0.0442	0.01	0.0134	0.01	0.0114	0.0109	0.0101	0.01	0.0479	0	0.0157	0.0147
  e	0.0183	0.0306	0.0183	0.0387	0.0273	0.0183	0.0181	0.0184	0.1508	0.0183	0.0214	0.0183	0.024	0.0182	0.0184	0.0184	0.04	0.0182	0.0489	0.0192	0.0183	0.1472	0.0419	0.0183	0.0336	0.0184	0.0565	0.0182	0.0183	0.0183	0.0183	0.0183	0.0316	0.0183	0.0184	0.027	0	0.0183
  f	0.0262	0.0262	0.0262	0.0262	0.0262	0.0262	0.0256	0.0262	0.026	0.0262	0.0262	0.0262	0.0262	0.0259	0.0262	0.0273	0.0263	0.0262	0.0262	0.0262	0.0262	0.026	0.0261	0.0262	0.0262	0.0262	0.0261	0.0262	0.0265	0.0262	0.0262	0.0263	0.0262	0.0262	0.0262	0.0359	0.026	0
